tree
version=v4
num_class=1
num_tree_per_iteration=1
label_index=0
max_feature_idx=59
objective=binary sigmoid:1
feature_names=amount_(INR) hour_of_day is_weekend is_night_transaction is_high_amount transaction_type_P2M transaction_type_P2P transaction_type_Recharge merchant_category_Entertainment merchant_category_Food merchant_category_Fuel merchant_category_Grocery merchant_category_Healthcare merchant_category_Other merchant_category_Shopping merchant_category_Transport merchant_category_Utilities transaction_status_SUCCESS sender_age_group_26-35 sender_age_group_36-45 sender_age_group_46-55 sender_age_group_56+ receiver_age_group_26-35 receiver_age_group_36-45 receiver_age_group_46-55 receiver_age_group_56+ sender_state_Delhi sender_state_Gujarat sender_state_Karnataka sender_state_Maharashtra sender_state_Rajasthan sender_state_Tamil_Nadu sender_state_Telangana sender_state_Uttar_Pradesh sender_state_West_Bengal sender_bank_HDFC sender_bank_ICICI sender_bank_IndusInd sender_bank_Kotak sender_bank_PNB sender_bank_SBI sender_bank_Yes_Bank receiver_bank_HDFC receiver_bank_ICICI receiver_bank_IndusInd receiver_bank_Kotak receiver_bank_PNB receiver_bank_SBI receiver_bank_Yes_Bank device_type_Web device_type_iOS network_type_4G network_type_5G network_type_WiFi day_of_week_Monday day_of_week_Saturday day_of_week_Sunday day_of_week_Thursday day_of_week_Tuesday day_of_week_Wednesday
feature_infos=[10:42099] [0:23] [0:1] [0:1] [0:1] [0:1] [0:1] [0:1] [0:1] [0:1] [0:1] [0:1] [0:1] [0:1] [0:1] [0:1] [0:1] [0:1] [0:1] [0:1] [0:1] [0:1] [0:1] [0:1] [0:1] [0:1] [0:1] [0:1] [0:1] [0:1] [0:1] [0:1] [0:1] [0:1] [0:1] [0:1] [0:1] [0:1] [0:1] [0:1] [0:1] [0:1] [0:1] [0:1] [0:1] [0:1] [0:1] [0:1] [0:1] [0:1] [0:1] [0:1] [0:1] [0:1] [0:1] [0:1] [0:1] [0:1] [0:1] [0:1]
tree_sizes=1693 1744 1770 1739 1769 1729 1772 1767 1769 1771 1771 1723 1728 1752 1762 1783 1758 1747 1775 1755 1721

Tree=0
num_leaves=15
num_cat=0
split_feature=25 0 22 16 0 0 51 59 0 0 0 0 0 0
split_gain=171285 175368 166854 186993 175802 140964 115747 100593 122962 61645.4 82400.7 56958.6 46692.3 27806.5
threshold=1.0000000180025095e-35 481.50000000000006 1.0000000180025095e-35 1.0000000180025095e-35 4722.5000000000009 662.50000000000011 1.0000000180025095e-35 1.0000000180025095e-35 6142.5000000000009 8008.0000000000009 2929.5000000000005 1608.5000000000002 3250.5000000000005 34.500000000000007
decision_type=2 2 2 2 2 2 2 2 2 2 2 2 2 2
left_child=2 -2 6 9 -5 -3 7 8 -1 10 -4 -7 -13 -8
right_child=1 5 3 4 -6 11 13 -9 -10 -11 -12 12 -14 -15
leaf_value=7.9645226235229609 -6.2959107231194134 10.015356879523928 5.1287726037021679 -6.2976950900967461 6.6726699977940092 -6.2916991875376862 -6.2685067975862685 12.018660815831684 -6.2837974481379302 -6.2793052138256815 9.4719714816751654 4.1097644031601765 -6.282485340837435 6.465177035458562
leaf_weight=119.23302929662168 5.5113177523016956 5.373981984332203 137.68872560746968 7.4774554483592492 3.0098898243159056 3.2079088725149614 0.42733792029321094 33.048743594437838 1.5292182080447663 1.0616377033293236 20.421834168955684 3.9967912994325161 1.3720804974436758 188.31134201399982
leaf_count=27977 2876 729 40202 3902 533 1674 223 4794 798 554 3912 1048 716 50016
internal_value=6.62715 1.32026 6.81364 5.27159 -1.77397 4.13065 7.54163 8.80708 7.78533 5.70493 5.78506 -0.870314 1.86636 6.43642
internal_weight=531.671 19.4621 512.209 169.66 10.4873 13.9508 342.55 153.811 120.762 159.172 158.111 8.57678 5.36887 188.739
internal_count=139954 7043 132911 49103 4435 4167 83808 33569 28775 44668 44114 3438 1764 50239
is_linear=0
shrinkage=1


Tree=1
num_leaves=15
num_cat=0
split_feature=23 52 53 0 0 0 25 0 25 1 57 36 52 0
split_gain=6.39601e+06 4.73717e+06 1.4136e+06 855536 626770 573318 529057 293496 238694 235335 197404 182004 155403 142166
threshold=1.0000000180025095e-35 1.0000000180025095e-35 1.0000000180025095e-35 3250.5000000000005 7408.0000000000009 6142.5000000000009 1.0000000180025095e-35 2986.5000000000005 1.0000000180025095e-35 2.5000000000000004 1.0000000180025095e-35 1.0000000180025095e-35 1.0000000180025095e-35 6142.5000000000009
decision_type=2 2 2 2 2 2 2 2 2 2 2 2 2 2
left_child=3 2 10 6 8 9 7 12 11 -3 -2 -5 -1 -4
right_child=1 5 13 4 -6 -7 -8 -9 -10 -11 -12 -13 -14 -15
leaf_value=-7.3855195675604071 -19.011091929573059 -8.1720708182414938 -55.094370569595611 -28.464957991901386 -4.9957580841234526 -1.3618727212999089 -2.0369039387814092 -26.328181061504917 -0.025275006131126338 -72.31412497231797 -10.679524533193948 -9.7877348872609211 -9.6781295683043247 -0.91083093805868376
leaf_weight=413.35813939648642 49.617025378744074 0.429079490440471 2.1299653044957263 10.170298252929113 7.5381330984191655 0.37209378487250422 41.318608868365118 1.3515665729801174 1.0183966258773587 4.6243328894379374 13.721366596873848 3.088193465617679 107.03369614139046 0.16130654898961427
leaf_count=65276 19429 236 3460 7044 1840 237 6326 1407 547 8156 3193 910 21847 107
internal_value=-9.69335 -23.7772 -19.4058 -7.94468 -17.5622 -65.4059 -7.54159 -7.9728 -23.4359 -69.1176 -17.4002 -25.1062 -7.87472 -52.7156
internal_weight=655.932 71.0552 65.6297 584.877 21.815 5.42551 563.062 521.743 14.2769 5.05341 63.3384 13.2585 520.392 2.29127
internal_count=140015 34818 26189 105197 10341 8629 94856 88530 8501 8392 22622 7954 87123 3567
is_linear=0
shrinkage=0.05


Tree=2
num_leaves=15
num_cat=0
split_feature=23 59 1 37 2 3 0 0 3 0 0 0 17 37
split_gain=2.56298e+06 1.42659e+07 5.56885e+06 6.69584e+06 3.52492e+06 5.83583e+07 3.18847e+06 1.93205e+06 1.51269e+06 254215 119435 782700 1.15586e+06 442155
threshold=1.0000000180025095e-35 1.0000000180025095e-35 8.5000000000000018 1.0000000180025095e-35 1.0000000180025095e-35 1.0000000180025095e-35 2561.5000000000005 1104.5000000000002 1.0000000180025095e-35 195.50000000000003 2986.5000000000005 3179.5000000000005 1.0000000180025095e-35 1.0000000180025095e-35
decision_type=2 2 2 2 2 2 2 2 2 2 2 2 2 2
left_child=10 4 -3 7 8 6 -6 -4 9 -2 -1 12 -12 -13
right_child=1 2 3 -5 5 -7 -8 -9 -10 -11 11 13 -14 -15
leaf_value=0.10105090329665407 2.4998768584539683 -1.2897832785525427 252.16456316659958 26.197372912740036 396.59453058751768 2.6056574231589535 -0.0025287538092097538 -1.7866442669225504 0.39386747226351559 7.8569783870197387 59.976438093938754 0.41568504176187066 6.6826975792714265 9.7371562576217414
leaf_weight=21454.602135750938 29.589473825565676 0.75641426907734688 0.13378987614962745 0.97289456064440438 0.048587915162882661 18.313386626271267 0.053238697910348493 0.06522985091692135 323.71591580737135 104.18278233768473 0.29787236045693433 959.79766486069468 6.3534631497183369 11.895872150650346
leaf_count=93292 2786 588 2546 451 8040 733 1266 1362 1350 15774 57 9700 1059 1090
internal_value=0.202971 3.82261 113.859 154.556 3.13894 24.0114 377.429 236.859 2.24822 6.69937 0.125705 0.665691 16.5962 0.539696
internal_weight=22910.8 477.832 1.92833 1.17191 475.903 18.4152 0.101827 0.19902 457.488 133.772 22432.9 978.345 6.65134 971.694
internal_count=140094 34896 4947 4359 29949 10039 9306 3908 19910 18560 105198 11906 1116 10790
is_linear=0
shrinkage=0.05


Tree=3
num_leaves=15
num_cat=0
split_feature=0 0 36 0 2 22 52 18 0 0 0 52 59 54
split_gain=102233 172964 821005 863856 2.13955e+06 70179.2 169244 69195.1 37979.7 32044.6 14525.6 13018.7 22352.3 8246.8
threshold=2929.5000000000005 6926.5000000000009 1.0000000180025095e-35 3394.5000000000005 1.0000000180025095e-35 1.0000000180025095e-35 1.0000000180025095e-35 1.0000000180025095e-35 219.50000000000003 1352.5000000000002 74.500000000000014 1.0000000180025095e-35 1.0000000180025095e-35 1.0000000180025095e-35
decision_type=2 2 2 2 2 2 2 2 2 2 2 2 2 2
left_child=5 2 3 7 -5 11 -7 -2 10 -10 -8 13 -13 -1
right_child=1 -3 -4 4 -6 6 8 -9 9 -11 -12 12 -14 -15
leaf_value=-0.0023191842125391258 -0.38778370578371413 -0.061489588422151867 0.19748503845100338 7.715893332177437 58.727377391137964 0.18813001603906188 -0.041543203830720805 3.1895593532469686 0.57450617487399058 2.2396120315565984 2.8623722265591423 0.16131205059189424 -0.2401169978778071 0.10592632744166529
leaf_weight=11898.406039980558 33.961884283247421 472.44163951094708 369.95366764473556 44.318490034874465 1.1969621359895644 5113.9963878807648 4.5946155041459624 21.251760969075775 82.242136543162701 44.418474331347511 61.476803516947598 3306.4094849785288 386.499243230297 2063.9248198307305
leaf_count=51396 2006 2969 1516 6223 2462 32399 402 1115 6491 2180 1812 17258 2853 8766
internal_value=0.104672 0.614597 1.2919 5.26998 10.2911 0.0837017 0.243122 1.02138 1.69379 1.17141 2.66282 0.0357728 0.119245 0.0136882
internal_weight=23905.1 943.124 470.683 100.729 45.5155 22962 5306.73 55.2136 192.732 126.661 66.0714 17655.2 3692.91 13962.3
internal_count=139848 16291 13322 11806 8685 123557 43284 3121 10885 8671 2214 80273 20111 60162
is_linear=0
shrinkage=0.05


Tree=4
num_leaves=15
num_cat=0
split_feature=52 23 2 3 0 1 0 36 23 59 0 0 3 57
split_gain=12754.4 106122 1.00545e+06 1.9419e+06 1.23926e+06 618547 5.78673e+06 251253 17629 1.14221e+06 2.69434e+06 710517 284890 1.24556e+06
threshold=1.0000000180025095e-35 1.0000000180025095e-35 1.0000000180025095e-35 1.0000000180025095e-35 3468.5000000000005 18.500000000000004 6506.0000000000009 1.0000000180025095e-35 1.0000000180025095e-35 1.0000000180025095e-35 2986.5000000000005 34.500000000000007 1.0000000180025095e-35 1.0000000180025095e-35
decision_type=2 2 2 2 2 2 2 2 2 2 2 2 2 2
left_child=8 -2 5 4 -4 7 -7 -3 -1 12 11 -11 -10 -14
right_child=1 2 3 -5 -6 6 -8 -9 9 10 -12 -13 13 -15
leaf_value=0.070040358413452727 0.12390876999170045 0.54174187561526399 -97.946883378374167 -0.55544964710029843 -0.61647067986045434 116.39425139931107 -0.16666964975772575 10.831394667033289 -0.14059775148849959 -0.61097278282593004 -0.83979046202869201 -105.89020130254701 50.016512504206844 -0.12741362256439998
leaf_weight=19914.868349354809 5295.8912464680907 43.937480219398708 0.017907820874824121 4.398670669645071 0.50067261437652633 0.24164245577030996 7.4560960533975233 5.8816283708365509 639.84009308943325 0.2041547149420192 3.1161014625317995 0.015681856405368677 0.52446492256979027 6.5733073966524671
leaf_count=78578 26407 3838 2137 171 212 1695 49 520 20743 15 462 3300 1266 264
internal_value=0.0795794 0.148283 2.18129 -17.5123 -66.2632 4.13544 16.4538 1.94577 0.061672 -0.194327 -25.7714 -88.7713 -0.0228682 9.29681
internal_weight=25923.5 5358.33 62.4341 4.91725 0.51858 57.5168 7.69774 49.8191 20565.1 650.274 3.33594 0.219837 646.938 7.09777
internal_count=139657 35029 8622 2520 2349 6102 1744 4358 104628 26050 3777 3315 22273 1530
is_linear=0
shrinkage=0.05


Tree=5
num_leaves=15
num_cat=0
split_feature=22 23 54 57 0 53 0 0 0 0 0 35 16 26
split_gain=52933.8 29010.4 146229 355068 979289 151675 344965 90072.5 32460.6 16417.4 36940.2 72117 6981.48 87029.3
threshold=1.0000000180025095e-35 1.0000000180025095e-35 1.0000000180025095e-35 1.0000000180025095e-35 195.50000000000003 1.0000000180025095e-35 1058.5000000000002 159.50000000000003 1562.5000000000002 3109.5000000000005 6926.5000000000009 1.0000000180025095e-35 1.0000000180025095e-35 1.0000000180025095e-35
decision_type=2 2 2 2 2 2 2 2 2 2 2 2 2 2
left_child=1 9 3 4 -3 7 -7 -4 -5 -1 11 -11 -2 -14
right_child=12 2 5 8 -6 6 -8 -9 -10 10 -12 -13 13 -15
leaf_value=0.027120924307431727 0.16955325839225155 -26.079447659597413 12.089313762080058 0.14913707649847557 -1.9791231828607767 27.325769260692848 -0.26513853782761987 0.91938053485603854 -1.6089537085617209 0.62193030881078959 -0.025679457299995087 5.6742971343828259 0.3536389171365627 9.8585335432898535
leaf_weight=17511.785720745327 8142.636788446207 3.3610420463239157 0.86511383068999137 538.9544258176652 137.43529344501445 0.85456828773021598 2.8625549470312284 68.981124710971216 26.598421051320656 227.49565166615844 356.46773227322421 6.3136599692517157 103.67477963744254 1.4688530866473701
leaf_count=50129 44670 3762 505 3613 20934 361 187 4122 1279 4053 1171 680 3999 422
internal_value=0.0691642 0.0230017 -0.275384 -0.497055 -2.7343 1.8312 10.5262 1.22642 0.0637586 0.0358719 0.295003 0.781946 0.17483 0.57805
internal_weight=27129.8 18882 779.913 706.349 140.796 73.5634 3.71712 69.8462 565.553 18102.1 590.277 233.809 8247.78 105.144
internal_count=139887 90796 34763 29588 24696 5175 548 4627 4892 56033 5904 4733 49091 4421
is_linear=0
shrinkage=0.05


Tree=6
num_leaves=15
num_cat=0
split_feature=22 23 2 52 59 3 53 25 11 40 16 39 55 59
split_gain=34136.4 22860.1 4.9879e+06 1.1909e+07 415184 933518 202377 20797.1 20733.7 21909.2 4769.35 72797.2 110033 9036.67
threshold=1.0000000180025095e-35 1.0000000180025095e-35 1.0000000180025095e-35 1.0000000180025095e-35 1.0000000180025095e-35 1.0000000180025095e-35 1.0000000180025095e-35 1.0000000180025095e-35 1.0000000180025095e-35 1.0000000180025095e-35 1.0000000180025095e-35 1.0000000180025095e-35 1.0000000180025095e-35 1.0000000180025095e-35
decision_type=2 2 2 2 2 2 2 2 2 2 2 2 2 2
left_child=1 7 4 -4 6 -6 -3 -1 -9 -10 -2 13 -13 -12
right_child=10 2 3 -5 5 -7 -8 8 9 -11 11 12 -14 -15
leaf_value=0.044370202978751133 0.14043874459775132 0.21999729064900145 -119.40219544174118 -7.1256687020132663 -39.38377333626503 -0.74699014747869752 5.6388051901485605 -1.1690505855971054 -0.2663204290739703 2.5240979235755936 0.081588774188239038 -0.47593041097390953 18.644660229199779 1.2695350520398623
leaf_weight=18681.920647388357 8781.0023199221123 1036.2485630495576 1.9111660256663388 13.313709923854196 1.1401723042627336 5.9500549835338168 16.524762019784248 69.757112370939012 58.460791648087252 6.9789654631399562 105.4811599627253 1.5737823898048056 0.36209561643735622 17.908611997134528
leaf_count=49026 44582 17817 7512 2509 4632 347 2064 5661 1058 344 3463 375 57 589
internal_value=0.063497 0.0270689 -0.197069 -27.7102 0.223903 -11.0602 0.310323 0.0398845 -0.575744 0.0647815 0.144847 0.450136 8.23293 0.262826
internal_weight=28798.5 19892.2 1075.09 15.2249 1059.86 7.09023 1052.77 18817.1 135.197 65.4398 8906.33 125.326 1.93588 123.39
internal_count=140036 90970 34881 10021 24860 4979 19881 56089 7063 1402 49066 4484 432 4052
is_linear=0
shrinkage=0.05


Tree=7
num_leaves=15
num_cat=0
split_feature=23 53 5 9 59 1 14 40 35 1 57 12 1 43
split_gain=15206.2 486767 726038 298573 266526 1.65119e+06 1.09588e+06 222278 195261 82338.7 82154.9 50889.1 4660.26 5440.23
threshold=1.0000000180025095e-35 1.0000000180025095e-35 1.0000000180025095e-35 1.0000000180025095e-35 1.0000000180025095e-35 8.5000000000000018 1.0000000180025095e-35 1.0000000180025095e-35 1.0000000180025095e-35 15.500000000000002 1.0000000180025095e-35 1.0000000180025095e-35 13.500000000000002 1.0000000180025095e-35
decision_type=2 2 2 2 2 2 2 2 2 2 2 2 2 2
left_child=12 4 3 -3 9 -6 -7 8 -4 11 -11 -2 13 -1
right_child=1 2 7 -5 5 6 -8 -9 -10 10 -12 -13 -14 -15
leaf_value=0.04633408917136906 0.14304380562749122 -19.415967155325333 42.921373310801442 9.6014382551742763 -0.14300113324999739 -83.418773335526794 14.620358169620856 -4.3072305110018316 -3.3609432417103626 -1.6398636501303643 -0.14332642010583166 3.7586964277219472 0.078936463456394712 -0.099122138467216292
leaf_weight=9823.9992777486095 722.67922285744339 0.69413442449820062 1.1427006123781573 0.96778655474847342 6.807984560291886 0.053852137306668491 0.042523695375912163 0.12531909214208869 0.1014248583756453 146.12134222880104 244.04359239952623 8.8673092960273134 17522.055643284635 686.90092701566573
leaf_count=37568 12833 2024 711 377 503 3497 509 294 190 11145 2182 702 62181 5113
internal_value=0.0558917 -0.123728 17.2198 -5.25924 -0.185514 -9.33479 -66.2811 35.2061 39.3319 -0.120934 -0.706557 0.191941 0.0631468 0.0368198
internal_weight=29164.6 1131.65 3.03137 1.66192 1128.62 6.90436 0.0963758 1.36944 1.24413 1121.71 390.165 731.547 28033 10510.9
internal_count=139829 34967 3596 2401 31371 4509 4006 1195 901 26862 13327 13535 104862 42681
is_linear=0
shrinkage=0.05


Tree=8
num_leaves=15
num_cat=0
split_feature=22 25 2 36 20 11 40 4 11 3 52 14 45 5
split_gain=20865 17174.7 6306.67 5315.25 5182.33 5033.85 5225.83 4675.52 12336.4 4529.46 4328.13 3877 33348.9 4561.93
threshold=1.0000000180025095e-35 1.0000000180025095e-35 1.0000000180025095e-35 1.0000000180025095e-35 1.0000000180025095e-35 1.0000000180025095e-35 1.0000000180025095e-35 1.0000000180025095e-35 1.0000000180025095e-35 1.0000000180025095e-35 1.0000000180025095e-35 1.0000000180025095e-35 1.0000000180025095e-35 1.0000000180025095e-35
decision_type=2 2 2 2 2 2 2 2 2 2 2 2 2 2
left_child=1 2 7 -3 10 6 -4 -1 -9 -7 -2 13 -13 -12
right_child=4 3 5 -5 -6 9 -8 8 -10 -11 11 12 -14 -15
leaf_value=0.04060623619649853 0.10167745346880784 -0.5633301318465177 -0.02005223090119336 -0.06156955424734481 -0.03199609953599749 0.045066941416184683 -0.16981262226369642 0.16260742193925912 1.6267970924283686 0.6017725813238205 0.21811042298436703 0.22486580404462281 4.0267490585036683 0.033656863356707756
leaf_weight=13808.071176467378 7625.4140148979877 160.25173033839883 3919.4160476449133 78.860285381537778 609.54724232576518 1737.4535544284665 683.2723371397542 329.28536187711853 14.067164670090447 36.332444285849988 1327.2064222176571 72.619778496525626 5.280946020309826 448.91237637146628
leaf_count=56782 32925 6279 14269 770 4831 4466 4756 2842 100 326 6375 1202 106 3414
internal_value=0.0502895 0.0216294 0.0265457 -0.398793 0.109275 -0.0147392 -0.0423163 0.0451479 0.227145 0.0568026 0.118362 0.18689 0.530367 0.171535
internal_weight=30856 20767 20527.9 239.112 10089 6376.47 4602.69 14151.4 343.353 1773.79 9479.43 1854.02 77.9007 1776.12
internal_count=139443 90590 83541 7049 48853 23817 19025 59724 2942 4792 44022 11097 1308 9789
is_linear=0
shrinkage=0.05


Tree=9
num_leaves=15
num_cat=0
split_feature=23 53 54 4 1 44 26 42 54 54 22 4 25 50
split_gain=41725.5 78829.2 338614 197739 168292 47024.7 44440.9 35227.2 21054.4 13520 12796.9 8629.03 7633.47 5611.85
threshold=1.0000000180025095e-35 1.0000000180025095e-35 1.0000000180025095e-35 1.0000000180025095e-35 5.5000000000000009 1.0000000180025095e-35 1.0000000180025095e-35 1.0000000180025095e-35 1.0000000180025095e-35 1.0000000180025095e-35 1.0000000180025095e-35 1.0000000180025095e-35 1.0000000180025095e-35 1.0000000180025095e-35
decision_type=2 2 2 2 2 2 2 2 2 2 2 2 2 2
left_child=10 5 3 4 -3 6 7 -2 11 -8 12 -7 -1 -4
right_child=1 2 13 -5 -6 8 9 -9 -10 -11 -12 -13 -14 -15
leaf_value=0.036251073957964772 -0.0095978799386562674 -0.6192868612737833 -2.3319242575092334 -0.68121334348470275 -30.98316547129069 -3.1993495191481784 -2.5071345547898112 -1.2674838305426694 -0.42390441435430859 -0.3994308024092536 0.099955373719529741 -0.36615142934298217 -0.2205335091384312 -0.012035663002134158
leaf_weight=18923.260894828964 1128.5408875031674 0.63895890487486839 2.0508303603813252 1.45192551860741 1.0667792852923945 19.507393915518463 23.778139863490196 57.547408466967909 15.728019964739472 11.605269010085065 10998.234070063718 3.4136206634748616 292.92843772314518 17.984430336313519
leaf_count=49042 21039 141 429 169 2738 2547 2375 4221 488 390 49076 134 7007 79
internal_value=0.0450827 -0.234045 -3.06137 -16.0476 -24.0416 -0.179621 -0.124507 -0.0716451 -1.87438 -1.84582 0.0569456 -2.81035 0.0323254 -0.349071
internal_weight=31497.7 1283.31 23.1929 3.15766 1.70574 1260.12 1221.47 1186.09 38.649 35.3834 30214.4 22.921 19216.2 20.0353
internal_count=139875 34750 3556 3048 2879 31194 28025 25260 3169 2765 105125 2681 56049 508
is_linear=0
shrinkage=0.05


Tree=10
num_leaves=15
num_cat=0
split_feature=25 22 23 1 52 53 52 14 1 1 38 4 52 49
split_gain=16296.3 13609.2 8987 74067 888023 104061 4450.77 6139.77 29249.2 4940.7 3998.49 3891.62 2755.5 2427.99
threshold=1.0000000180025095e-35 1.0000000180025095e-35 1.0000000180025095e-35 16.500000000000004 1.0000000180025095e-35 1.0000000180025095e-35 1.0000000180025095e-35 1.0000000180025095e-35 19.500000000000004 1.0000000180025095e-35 1.0000000180025095e-35 1.0000000180025095e-35 1.0000000180025095e-35 1.0000000180025095e-35
decision_type=2 2 2 2 2 2 2 2 2 2 2 2 2 2
left_child=1 2 10 5 -5 -4 13 9 -9 -8 11 -1 -12 -3
right_child=-2 6 3 4 -6 -7 7 8 -10 -11 12 -13 -14 -15
leaf_value=0.018869346916185262 -0.33869898699680828 0.081226385130303502 0.093693088403597122 -0.35599982781453687 -18.156366331526765 6.3772792325684406 0.74052172106071035 0.19618173814437218 2.0650325514761589 0.11930930721677149 0.055662118968878752 0.16149478206347137 0.16859207914063001 -0.073202604313708342
leaf_weight=15646.787461282043 272.66728571727799 9184.740009162464 873.25458673172818 354.98393374164294 6.1488993305634372 5.6394425296959971 31.587619226534571 174.70449737810225 22.833980719752958 1944.3468379421774 1728.7112724507763 492.38132587444125 785.81100017580388 261.04081498447522
leaf_count=43010 7090 34754 17592 11527 3757 2032 132 1218 295 10682 2766 2266 949 1891
internal_value=0.0454834 0.0488182 0.0237046 -0.106585 -0.708382 0.141214 0.0918104 0.156322 0.42152 0.12961 0.032371 0.0232304 0.0910067 0.0769513
internal_weight=31785.6 31513 19893.7 1240.03 361.133 878.894 11619.3 2173.47 197.538 1975.93 18653.7 16139.2 2514.52 9445.78
internal_count=139961 132871 83899 34908 15284 19624 48972 12327 1513 10814 48991 45276 3715 36645
is_linear=0
shrinkage=0.05


Tree=11
num_leaves=15
num_cat=0
split_feature=0 0 53 36 0 0 35 13 56 0 55 0 23 22
split_gain=17717.2 63435.8 137766 161796 254643 114951 233449 71228.9 22425.4 29233.3 13516.7 40131.7 15562.9 13257
threshold=2929.5000000000005 3637.5000000000005 1.0000000180025095e-35 1.0000000180025095e-35 3109.5000000000005 3551.5000000000005 1.0000000180025095e-35 1.0000000180025095e-35 1.0000000180025095e-35 6926.5000000000009 1.0000000180025095e-35 6926.5000000000009 1.0000000180025095e-35 1.0000000180025095e-35
decision_type=2 2 2 2 2 2 2 2 2 2 2 2 2 2
left_child=13 2 5 4 -4 7 -7 -2 10 -10 12 -12 -3 -1
right_child=1 8 3 -5 -6 6 -8 -9 9 -11 11 -13 -14 -15
leaf_value=0.016411310726006264 0.10847707865669215 0.34405789148869126 -0.44157968356218902 -0.19003306855147445 20.129836582372675 1.6562854858502161 17.83537416562886 7.5415281168239208 -2.6226986948439999 -0.11982529185425686 -2.7221418045920149 0.0016006988118129684 -0.19525577635013536 0.082665319693034922
leaf_weight=19546.454895998075 127.9288178384665 627.72668715415489 2.4443274782907531 4.900372417539705 2.7443069454398161 11.28468871359642 1.8607676717667381 2.3073116127449955 15.823206575488717 38.397845940893369 14.348064898684539 113.76149902167997 169.20931784924846 12301.975112111002
leaf_count=80145 3898 6078 132 65 354 363 74 131 1234 451 1166 412 2039 43534
internal_value=0.0489204 0.243154 1.18487 6.55875 11.9334 0.763933 5.04542 0.296626 0.0945101 -0.884501 0.152787 -0.322175 0.229447 0.0420048
internal_weight=32981.2 1132.74 153.471 10.089 5.18863 143.382 13.1455 130.236 979.267 54.2211 925.046 128.11 796.936 31848.4
internal_count=140076 16397 5017 551 486 4466 437 4029 11380 1685 9695 1578 8117 123679
is_linear=0
shrinkage=0.05


Tree=12
num_leaves=15
num_cat=0
split_feature=23 0 0 57 52 1 0 43 47 27 9 0 1 14
split_gain=16355 47532.8 317386 119569 99635.6 2.36821e+06 807302 210719 88038.4 47066.5 234461 66677.3 39285.9 46380.4
threshold=1.0000000180025095e-35 296.50000000000006 288.50000000000006 1.0000000180025095e-35 1.0000000180025095e-35 16.500000000000004 6506.0000000000009 1.0000000180025095e-35 1.0000000180025095e-35 1.0000000180025095e-35 1.0000000180025095e-35 191.50000000000003 21.500000000000004 1.0000000180025095e-35
decision_type=2 2 2 2 2 2 2 2 2 2 2 2 2 2
left_child=-1 2 9 8 12 7 -7 -6 -4 11 -11 -2 -3 -14
right_child=1 4 3 -5 5 6 -8 -9 -10 10 -12 -13 13 -15
leaf_value=0.041948982849460748 0.14868077549490999 -0.44238782440400065 24.499061791627494 -0.46041272310062564 -2.0207392767790897 -90.483465787858719 -0.092335882457485974 9.5160381591638501 6.5209044428926042 -1.2912213909528691 14.394180497529533 -1.7944676324150484 0.60251796045854245 6.6820562861394821
leaf_weight=32568.715654137872 540.81254190077152 529.35228379208968 0.94562726313139878 1.5283649525372309 22.658445315167818 0.008466850516991975 0.32985691081278928 3.7532635818769 2.7568722251891415 7.86311831733369 2.3330118364202921 47.063792000196145 46.051432736585902 2.3936867158917812
leaf_count=104996 4672 18393 165 37 3176 2708 99 443 53 474 182 3262 1010 173
internal_value=0.0352472 -0.145347 0.168525 11.3949 -0.458334 -3.3855 -68.2737 -0.0939493 15.3459 0.0514794 3.26289 -0.00966554 -0.317201 1.03198
internal_weight=33776.6 1207.85 603.303 5.23086 604.547 26.75 0.338324 26.4117 3.7025 598.072 10.1961 587.876 577.797 48.4451
internal_count=139843 34847 8845 255 26002 6426 2807 3619 218 8590 656 7934 19576 1183
is_linear=0
shrinkage=0.05


Tree=13
num_leaves=15
num_cat=0
split_feature=25 0 43 45 0 0 2 0 52 40 17 16 52 59
split_gain=10782.3 67209.3 30152.6 36438.4 15712.9 8293.94 36058.4 153115 41198.6 284539 52111.8 30343.8 6731.93 7234.31
threshold=1.0000000180025095e-35 662.50000000000011 1.0000000180025095e-35 1.0000000180025095e-35 481.50000000000006 3394.5000000000005 1.0000000180025095e-35 6926.5000000000009 1.0000000180025095e-35 1.0000000180025095e-35 1.0000000180025095e-35 1.0000000180025095e-35 1.0000000180025095e-35 1.0000000180025095e-35
decision_type=2 2 2 2 2 2 2 2 2 2 2 2 2 2
left_child=5 2 3 4 -2 12 8 11 10 -10 -7 -8 -1 -14
right_child=1 -3 -4 -5 -6 6 7 -9 9 -11 -12 -13 13 -15
leaf_value=0.026794832175291779 -0.0099687468909091873 -0.13920480446655642 -1.0121022003819211 -1.0075468102839658 -13.326385017004107 3.0773888145902841 -3.685662845866096 -0.0065503678493726847 0.7308058965086307 16.509251479244124 0.16751679348037307 -10.968882712855921 0.095452112218006493 -0.097309161610404454
leaf_weight=26276.136044378036 0.2487508884460673 330.94213399145332 2.9567173706636822 1.4128545530656993 1.141824686725158 14.614766455141078 17.905886698098122 201.27178060935518 52.253452664785577 2.0306930459898416 1074.2659436899335 1.002186972019852 6667.6786168525477 524.27157410647033
leaf_count=90204 2333 3335 458 314 572 344 2067 791 1638 546 6262 645 25981 4278
internal_value=0.0407312 -0.240445 -5.17605 -8.14693 -11.9449 0.0434561 0.164301 -0.420325 0.277172 1.609 0.20936 -4.60328 0.0385286 0.0813888
internal_weight=35168.1 336.702 5.76015 2.80343 1.39058 34831.4 1363.34 220.18 1143.16 54.2841 1088.88 18.9081 33468.1 7191.95
internal_count=139768 7012 3677 3219 2905 132756 12293 3503 8790 2184 6606 2712 120463 30259
is_linear=0
shrinkage=0.05


Tree=14
num_leaves=15
num_cat=0
split_feature=22 2 23 51 3 3 4 1 10 11 5 18 1 17
split_gain=5117.64 3868.67 14859.7 131782 411275 59075.1 6063.62 5659.96 6234.38 6168.6 16940.4 5853.3 4805.29 3550.95
threshold=1.0000000180025095e-35 1.0000000180025095e-35 1.0000000180025095e-35 1.0000000180025095e-35 1.0000000180025095e-35 1.0000000180025095e-35 1.0000000180025095e-35 3.5000000000000004 1.0000000180025095e-35 1.0000000180025095e-35 1.0000000180025095e-35 1.0000000180025095e-35 13.500000000000002 1.0000000180025095e-35
decision_type=2 2 2 2 2 2 2 2 2 2 2 2 2 2
left_child=1 2 6 4 -4 -5 -1 9 13 11 -11 -3 -8 -9
right_child=-2 7 3 5 -6 -7 12 8 -10 10 -12 -13 -14 -15
leaf_value=0.011045088302400068 0.059360137214067167 0.06336779790724173 5.6293248162019065 0.036835932588092667 0.099613574215900044 -4.3829375616074939 -0.41429423627493062 -0.28034584326648554 -0.25845181401964518 -0.12201045994254126 2.5960724551543599 0.82339387403188891 0.22015502857326635 -0.004987884050927381
leaf_weight=12956.182081528204 13238.085854477406 281.91431829830151 43.399267697148019 1354.9939698695348 138.7247687405883 6.6027942562072885 30.816370773721985 118.18309761523778 260.94508210525328 14.111968619352806 8.5575307332082975 26.860523777932656 503.09438059902112 6643.35926172986
leaf_count=37934 49200 491 9220 13938 682 1020 801 1166 2516 120 75 236 1194 21413
internal_value=0.0347168 0.020143 0.0346791 0.181575 1.44086 0.0122022 0.017857 -0.00957424 -0.019115 0.19202 0.970372 0.131928 0.18283 -0.00984153
internal_weight=35625.8 22387.7 15033.8 1543.72 182.124 1361.6 13490.1 7353.93 7022.49 331.444 22.6695 308.775 533.911 6761.54
internal_count=140006 90806 64789 24860 9902 14958 39929 26017 25095 922 195 727 1995 22579
is_linear=0
shrinkage=0.05


Tree=15
num_leaves=15
num_cat=0
split_feature=22 2 23 52 1 1 47 24 53 14 1 1 21 20
split_gain=7538.82 5091.74 10576.8 27292.7 1.10056e+06 30612.4 4410.92 6001.74 6778.3 3754.49 3555.66 6670.07 3390.35 2633.14
threshold=1.0000000180025095e-35 1.0000000180025095e-35 1.0000000180025095e-35 1.0000000180025095e-35 9.5000000000000018 6.5000000000000009 1.0000000180025095e-35 1.0000000180025095e-35 1.0000000180025095e-35 1.0000000180025095e-35 16.500000000000004 21.500000000000004 1.0000000180025095e-35 1.0000000180025095e-35
decision_type=2 2 2 2 2 2 2 2 2 2 2 2 2 2
left_child=1 2 9 5 -5 -4 7 8 -3 -1 13 -12 -11 -8
right_child=-2 6 3 4 -6 -7 10 -9 -10 12 11 -13 -14 -15
leaf_value=-0.0024661350952504806 0.056144554546017092 -0.080871661749405646 -2.6587039992296706 0.035579811674023784 21.673212530177238 0.0852736071641223 0.031506231491781493 0.028692643844627531 -0.44832288153193683 0.065144835379479821 -0.26759681086324755 0.064935192737725175 0.52896134238995851 0.17968621308701793
leaf_weight=11061.147871916904 13846.22664180928 2840.4942751510216 9.2215055485521571 197.16185292383216 5.0573465910761106 1835.7929890804039 1385.2699390761709 1390.5515818999038 130.38118218583895 1746.0813866881622 260.36965052917964 355.7617368478497 39.336490957433398 381.83023999371767
leaf_count=35266 49221 15011 1120 961 5146 17664 3265 2960 1666 4520 2442 404 239 318
internal_value=0.0273356 0.00889928 0.0252206 0.13074 0.680707 0.0701262 -0.0271404 -0.0570257 -0.0971432 0.00839607 0.0275519 -0.0757947 0.0756541 0.0636081
internal_weight=35484.7 21638.5 14893.8 2047.23 202.219 1845.01 6744.66 4361.43 2970.88 12846.6 2383.23 616.131 1785.42 1767.1
internal_count=140203 90982 64916 24891 6107 18784 26066 19637 16677 40025 6429 2846 4759 3583
is_linear=0
shrinkage=0.05


Tree=16
num_leaves=15
num_cat=0
split_feature=22 0 50 0 52 0 0 2 2 0 18 40 38 2
split_gain=5567.98 11724.3 58847.9 6996.74 6974.58 12634.1 60802 10250.3 4961.46 6116.74 5400.89 3806.36 1936.72 1644.6
threshold=1.0000000180025095e-35 34.500000000000007 1.0000000180025095e-35 5562.5000000000009 1.0000000180025095e-35 3921.5000000000005 2929.5000000000005 1.0000000180025095e-35 1.0000000180025095e-35 3921.5000000000005 1.0000000180025095e-35 1.0000000180025095e-35 1.0000000180025095e-35 1.0000000180025095e-35
decision_type=2 2 2 2 2 2 2 2 2 2 2 2 2 2
left_child=1 2 -1 -2 8 6 -6 -7 9 -3 -10 12 13 -5
right_child=3 4 -4 11 5 7 -8 -9 10 -11 -12 -13 -14 -15
leaf_value=-0.38122142004129483 0.052103445851205354 0.0011175720072536663 7.0402703327054015 -0.40955999155063155 0.054226733526964978 -0.63883906456511075 2.4235188440412259 -4.1262754031354296 -0.020879627694659127 0.1523357264960572 -0.14654297412778222 -1.9188044288686037 -0.029075582086675933 -1.2865959791248294
leaf_weight=10.577071402482373 13659.374527969791 11531.784179764047 2.5326779212133479 27.823936809509895 4830.7652582869896 32.2848606142894 26.231691777907145 1.3218839270224538 3671.5833979640865 708.90016440010913 1113.7953762965117 3.3016615490643977 25.494199915322177 6.2684202205849351
leaf_count=293 47638 45080 71 798 20069 1121 1076 464 12496 3458 6825 417 154 336
internal_value=0.0246873 0.00905599 1.44989 0.0496654 0.00812802 0.0607496 0.0675191 -0.891283 -0.0069898 0.00988686 -0.0501522 -0.472404 -0.361912 -0.602885
internal_weight=35652 21929.8 13.1097 13722.3 21916.7 4890.6 4857 33.6067 17026.1 12240.7 4785.38 62.8882 59.5866 34.0924
internal_count=140296 90953 364 49343 90589 22730 21145 1585 67859 48538 19321 1705 1288 1134
is_linear=0
shrinkage=0.05


Tree=17
num_leaves=15
num_cat=0
split_feature=0 19 52 0 0 47 36 59 0 35 25 0 41 0
split_gain=4745.29 9143.25 3840.88 7380.61 44304.5 130015 7724.16 6171.5 4119.9 34010.2 3966.96 3046.54 11975.1 4674.9
threshold=6926.5000000000009 1.0000000180025095e-35 1.0000000180025095e-35 3921.5000000000005 3468.5000000000005 1.0000000180025095e-35 1.0000000180025095e-35 1.0000000180025095e-35 34.500000000000007 1.0000000180025095e-35 1.0000000180025095e-35 4148.5000000000009 1.0000000180025095e-35 3468.5000000000005
decision_type=2 2 2 2 2 2 2 2 2 2 2 2 2 2
left_child=2 -2 8 4 7 -6 10 -4 9 -1 -5 13 -13 -10
right_child=1 -3 3 6 5 -7 -8 -9 11 -11 -12 12 -14 -15
leaf_value=-0.15254684008348829 -0.76829862548482097 -0.030458502095190767 0.076504290551241069 -1.5003600034057201 -1.172745482057693 8.8734775420920471 -0.035297938750413045 -0.098098922472385899 0.020684660614475815 3.7958573016169512 -0.26669025291756293 0.096958271270175742 1.8437946215120566 -0.24161915699052844
leaf_weight=30.433332031019916 52.367790973677046 197.31691546627101 6622.5528218867676 17.702596293916045 7.3823282714897456 4.4521062246117467 49.50760629745308 547.10978955635255 27905.814129322564 5.6264467085109677 10.781106275531785 767.72807685843441 8.9426819941006652 169.91048868671351
leaf_count=373 2149 847 27513 1402 469 172 198 4533 95134 64 85 4043 449 2599
internal_value=0.02914 -0.187657 0.0306426 0.0631534 0.0684316 3.00355 -0.417582 0.0631687 0.0224709 0.549328 -1.0583 0.0217934 0.119417 0.0190887
internal_weight=36397.6 249.685 36147.9 7259.49 7181.5 11.8344 77.9913 7169.66 28888.5 36.0598 28.4837 28852.4 776.671 28075.7
internal_count=140030 2996 137034 34372 32687 641 1685 32046 102662 437 1487 102225 4492 97733
is_linear=0
shrinkage=0.05


Tree=18
num_leaves=15
num_cat=0
split_feature=22 52 23 58 1 11 23 34 1 57 59 1 51 59
split_gain=5095.4 5394.21 26360.3 292731 185783 149485 7838.58 20103.8 22066.3 8611.86 7539.92 6309.02 3144.31 38654.4
threshold=1.0000000180025095e-35 1.0000000180025095e-35 1.0000000180025095e-35 1.0000000180025095e-35 6.5000000000000009 1.0000000180025095e-35 1.0000000180025095e-35 1.0000000180025095e-35 6.5000000000000009 1.0000000180025095e-35 1.0000000180025095e-35 16.500000000000004 1.0000000180025095e-35 1.0000000180025095e-35
decision_type=2 2 2 2 2 2 2 2 2 2 2 2 2 2
left_child=1 6 10 5 -5 -4 12 8 -8 -9 -3 -12 13 -1
right_child=-2 2 3 4 -6 -7 7 9 -10 -11 11 -13 -14 -15
leaf_value=-0.017252986986058129 0.051832673846272243 0.05110621009776517 0.17666200567257673 -0.16023582460042982 26.830647641022239 8.1599616891377256 2.0458997183046326 -1.9616817947808425 -0.092178312524869882 -0.4650748513678884 -0.63466942991655961 -0.087302421144750994 0.022585549801944375 -1.9014129822430732
leaf_weight=2908.5023018965676 15183.084064259783 4603.9225722579749 226.48873014257416 0.99346679512943004 0.72247309457741449 5.0212701805128281 11.162359272157344 18.634005829337603 1569.3118907051039 20.44483072660686 64.484391518110442 270.76013796405596 12549.379952958438 26.478391060010836
leaf_count=7202 49173 12066 5923 57 1116 1560 1414 1814 22739 309 1050 917 33567 1264
internal_value=0.0294968 0.0142714 0.059008 0.577296 16.8986 0.384164 0.000739963 -0.103887 -0.0757937 -1.20984 0.0344227 -0.194163 0.0116892 -0.0348931
internal_weight=37459.4 22276.3 5172.39 233.226 1.71594 231.51 17103.9 1619.55 1580.47 39.0788 4939.17 335.245 15484.4 2934.98
internal_count=140171 90998 22689 8656 1173 7483 68309 26276 24153 2123 14033 1967 42033 8466
is_linear=0
shrinkage=0.05


Tree=19
num_leaves=15
num_cat=0
split_feature=2 0 0 0 0 0 24 0 0 18 0 6 37 46
split_gain=3684.1 15732.5 8346.6 7820.02 540625 1.02517e+06 4136.24 4070.78 5613.06 4775.01 4677.3 24682.2 3164.96 2896.73
threshold=1.0000000180025095e-35 1877.5000000000002 6926.5000000000009 6926.5000000000009 3322.5000000000005 3637.5000000000005 1.0000000180025095e-35 3821.5000000000005 2986.5000000000005 1.0000000180025095e-35 4266.5000000000009 1.0000000180025095e-35 1.0000000180025095e-35 1.0000000180025095e-35
decision_type=2 2 2 2 2 2 2 2 2 2 2 2 2 2
left_child=2 12 7 4 -3 -6 -4 8 9 -1 11 -9 13 -2
right_child=1 3 6 -5 5 -7 -8 10 -10 -11 -12 -13 -14 -15
leaf_value=0.042506594375636142 0.025516782878898095 -0.15140353465544806 -0.74846452298771549 0.015342210951180379 -2.5097180712072999 -48.312520786048488 -0.093229094145403826 0.15577514425927802 -0.27715038393213842 -0.0049431520863620158 0.062676124238675315 1.8032563213655544 -0.10375420371542535 -0.096204650529159136
leaf_weight=17746.124095785526 8837.5022872883146 570.28373643933469 49.322507544899743 256.48025649049146 4.9276926848149296 0.68023199533194922 46.816522152418877 277.71135355730706 150.27973579661921 7560.6977256678474 862.05352648077678 23.790409072721616 557.37857856712071 516.42007075515176
leaf_count=57769 25698 4559 1887 838 575 2399 215 790 3928 30922 3877 616 3181 2852
internal_value=0.0190696 -0.0056567 0.0290126 -0.214307 -0.316433 -14.536 -0.433631 0.0306997 0.0265167 0.0283308 0.122118 0.291303 0.011886 0.0187871
internal_weight=37460.5 10743.7 26716.8 832.372 575.892 5.60792 96.139 26620.7 25457.1 25306.8 1163.56 301.502 9911.3 9353.92
internal_count=140106 40102 100004 8371 7533 2974 2102 97902 92619 88691 5283 1406 31731 28550
is_linear=0
shrinkage=0.05


Tree=20
num_leaves=15
num_cat=0
split_feature=0 17 1 55 22 1 22 0 59 1 58 0 0 26
split_gain=9565.71 43626.8 135369 38956.8 229856 257891 5393.97 7812.01 48955.7 55115.4 7350.85 6534.87 5357.57 5847.18
threshold=3821.5000000000005 1.0000000180025095e-35 19.500000000000004 1.0000000180025095e-35 1.0000000180025095e-35 16.500000000000004 1.0000000180025095e-35 3394.5000000000005 1.0000000180025095e-35 13.500000000000002 1.0000000180025095e-35 2986.5000000000005 6926.5000000000009 1.0000000180025095e-35
decision_type=2 2 2 2 2 2 2 2 2 2 2 2 2 2
left_child=6 2 -2 12 -5 -6 11 -8 10 -10 -9 -1 13 -3
right_child=1 3 -4 4 5 -7 7 8 9 -11 -12 -13 -14 -15
leaf_value=0.0051880922366069077 -0.52582330691540691 0.081865850936975459 9.04981370732364 -0.017214582331319696 16.624467605384126 2.1793992234389239 0.040492406919670321 -0.88844980295495546 10.912790539651585 -0.25603480172936094 0.49799134466334521 -0.38260629073944347 -0.17485793242811706 0.92639193107536699
leaf_weight=21225.161028351973 10.655547287815578 1148.698574889228 4.5664087757838834 73.391617080244671 3.6294259476100903 10.435823119954486 14239.611825424414 11.148323555982669 1.3512158267768335 1.9990815553714638 44.373416896305955 108.19493057315049 213.4892824576541 19.88124205799204
leaf_count=80549 418 5414 116 879 272 204 44535 625 53 81 131 3581 2404 613
internal_value=0.0243142 0.148619 2.72755 0.120069 1.13733 6.76291 0.0191305 0.0428917 0.612855 5.72155 0.208812 0.0032035 0.0549214 0.0970137
internal_weight=37116.6 1484.75 15.222 1469.53 87.4569 14.0652 35631.8 14298.5 58.872 3.3503 55.5217 21333.4 1382.07 1168.58
internal_count=139875 10320 534 9786 1355 476 129555 45425 890 134 756 84130 8431 6027
is_linear=0
shrinkage=0.05


end of trees

feature_importances:
amount_(INR)=72
hour_of_day=24
network_type_5G=17
receiver_age_group_36-45=15
receiver_age_group_26-35=14
is_weekend=12
day_of_week_Wednesday=12
receiver_age_group_56+=9
is_night_transaction=8
network_type_WiFi=8
sender_bank_ICICI=6
day_of_week_Thursday=6
is_high_amount=5
merchant_category_Grocery=5
merchant_category_Shopping=5
sender_bank_SBI=5
day_of_week_Monday=5
merchant_category_Utilities=4
transaction_status_SUCCESS=4
sender_age_group_26-35=4
sender_bank_HDFC=4
transaction_type_P2M=3
sender_state_Delhi=3
sender_bank_IndusInd=3
receiver_bank_ICICI=3
receiver_bank_SBI=3
network_type_4G=3
day_of_week_Saturday=3
merchant_category_Food=2
sender_age_group_46-55=2
receiver_age_group_46-55=2
sender_bank_Kotak=2
receiver_bank_Kotak=2
device_type_iOS=2
day_of_week_Tuesday=2
transaction_type_P2P=1
merchant_category_Fuel=1
merchant_category_Healthcare=1
merchant_category_Other=1
sender_age_group_36-45=1
sender_age_group_56+=1
sender_state_Gujarat=1
sender_state_West_Bengal=1
sender_bank_PNB=1
sender_bank_Yes_Bank=1
receiver_bank_HDFC=1
receiver_bank_IndusInd=1
receiver_bank_PNB=1
device_type_Web=1
day_of_week_Sunday=1

parameters:
[boosting: gbdt]
[objective: binary]
[metric: auc,average_precision]
[tree_learner: serial]
[device_type: cpu]
[data_sample_strategy: bagging]
[data: ]
[valid: ]
[num_iterations: 600]
[learning_rate: 0.05]
[num_leaves: 15]
[num_threads: 1]
[seed: 42]
[deterministic: 0]
[force_col_wise: 0]
[force_row_wise: 0]
[histogram_pool_size: -1]
[max_depth: 5]
[min_data_in_leaf: 50]
[min_sum_hessian_in_leaf: 0.001]
[bagging_fraction: 0.8]
[pos_bagging_fraction: 1]
[neg_bagging_fraction: 1]
[bagging_freq: 1]
[bagging_seed: 400]
[bagging_by_query: 0]
[feature_fraction: 0.8]
[feature_fraction_bynode: 1]
[feature_fraction_seed: 30056]
[extra_trees: 0]
[extra_seed: 12879]
[early_stopping_round: 0]
[early_stopping_min_delta: 0]
[first_metric_only: 0]
[max_delta_step: 0]
[lambda_l1: 0]
[lambda_l2: 1]
[linear_lambda: 0]
[min_gain_to_split: 0]
[drop_rate: 0.1]
[max_drop: 50]
[skip_drop: 0.5]
[xgboost_dart_mode: 0]
[uniform_drop: 0]
[drop_seed: 17869]
[top_rate: 0.2]
[other_rate: 0.1]
[min_data_per_group: 100]
[max_cat_threshold: 32]
[cat_l2: 10]
[cat_smooth: 10]
[max_cat_to_onehot: 4]
[top_k: 20]
[monotone_constraints: ]
[monotone_constraints_method: basic]
[monotone_penalty: 0]
[feature_contri: ]
[forcedsplits_filename: ]
[refit_decay_rate: 0.9]
[cegb_tradeoff: 1]
[cegb_penalty_split: 0]
[cegb_penalty_feature_lazy: ]
[cegb_penalty_feature_coupled: ]
[path_smooth: 0]
[interaction_constraints: ]
[verbosity: -1]
[saved_feature_importance_type: 0]
[use_quantized_grad: 0]
[num_grad_quant_bins: 4]
[quant_train_renew_leaf: 0]
[stochastic_rounding: 1]
[linear_tree: 0]
[max_bin: 255]
[max_bin_by_feature: ]
[min_data_in_bin: 3]
[bin_construct_sample_cnt: 200000]
[data_random_seed: 175]
[is_enable_sparse: 1]
[enable_bundle: 1]
[use_missing: 1]
[zero_as_missing: 0]
[feature_pre_filter: 1]
[pre_partition: 0]
[two_round: 0]
[header: 0]
[label_column: ]
[weight_column: ]
[group_column: ]
[ignore_column: ]
[categorical_feature: ]
[forcedbins_filename: ]
[precise_float_parser: 0]
[parser_config_file: ]
[objective_seed: 16083]
[num_class: 1]
[is_unbalance: 0]
[scale_pos_weight: 519.833]
[sigmoid: 1]
[boost_from_average: 1]
[reg_sqrt: 0]
[alpha: 0.9]
[fair_c: 1]
[poisson_max_delta_step: 0.7]
[tweedie_variance_power: 1.5]
[lambdarank_truncation_level: 30]
[lambdarank_norm: 1]
[label_gain: ]
[lambdarank_position_bias_regularization: 0]
[eval_at: ]
[multi_error_top_k: 1]
[auc_mu_weights: ]
[num_machines: 1]
[local_listen_port: 12400]
[time_out: 120]
[machine_list_filename: ]
[machines: ]
[gpu_platform_id: -1]
[gpu_device_id: -1]
[gpu_device_id_list: ]
[gpu_use_dp: 0]
[num_gpu: 1]

end of parameters

pandas_categorical:[]
